lf = 1.352;
lr = 1.77;